O
[0, 26]
v
[1, 12, 27, 76, 84]
o
[2, 9, 13, 39, 47, 82]
 
[3, 6, 18, 30, 36, 42, 48, 61, 67, 71, 74, 83, 93, 100, 110, 115, 120]
j
[4, 15, 29, 72, 78, 98]
e
[5, 20, 32, 53, 73, 77, 79, 88, 102, 112, 119, 122]
p
[7, 62, 121]
r
[8, 45, 85]
i
[10, 41, 58, 70, 95, 97]
z
[11]
l
[14, 46, 69, 94]
a
[16, 28, 44, 50, 60, 63, 65, 68, 99, 106, 109, 114]
n
[17, 38, 52, 81, 96, 111]
t
[19, 23, 31, 35, 101, 105, 123]
k
[21, 33, 54, 103, 113]
s
[22, 34, 40, 51, 75, 104]
.
[24, 55, 89, 92, 124]
~
[25, 56, 90, 107]
u
[37, 86, 117]
K
[43, 57]
H
[49]
š
[59]
d
[64, 80, 118]
,
[66]
ć
[87]
4
[91]
m
[108]
b
[116]
!
[125]
